Index	ThioU_6h
1	0.89989
2	0.89989
3	0.89989
4	0.89989
5	0.89989
6	0.89989
7	0.89989
8	0.89989
9	0.89989
10	0.89989
11	0.86239
12	0.86239
13	0.86239
14	0.86239
15	0.86239
16	0.86239
17	0.86239
18	0.86239
19	0.86239
20	0.86239
21	0.86239
22	0.86239
23	0.86239
24	0.86239
25	0.86239
26	0.86239
27	0.86239
28	0.86239
29	0.86239
30	0.86239
31	0.86239
32	0.86239
33	0.86239
34	0.86239
35	0.86239
36	0.86239
37	0.86239
38	0.86239
39	0.86239
40	0.86239
41	0.86239
42	0.86239
43	0.86239
44	0.86239
45	0.86239
46	0.86239
47	0.86239
48	0.86239
49	0.86239
50	0.89989
51	0.89989
52	0.89989
53	0.89989
54	0.89989
55	0.89989
56	0.89989
57	0.89989
58	0.89989
59	0.89989
60	0.89989
61	0.89989
62	0.89989
63	0.89989
64	0.89989
65	0.89989
66	0.89989
67	0.89989
68	0.89989
69	0.89989
70	0.89989
71	0.89989
72	0.89989
73	0.89989
74	0.89989
75	0.89989
76	0.89989
77	0.89989
78	0.89989
79	0.89989
80	0.89989
81	0.89989
82	0.89989
83	0.89989
84	0.89989
85	0.89989
86	0.89989
87	0.89989
88	0.89989
89	0.89989
90	0.89989
91	0.89989
92	0.89989
93	0.89989
94	0.89989
95	0.89989
96	0.89989
97	0.89989
98	0.89989
99	0.89989
100	0.89989
101	0.89989
102	0.89989
103	0.89989
104	0.89989
105	0.89989
106	0.89989
107	0.89989
108	0.89989
109	0.89989
110	0.89989
111	0.89989
112	0.89989
113	0.89989
114	0.89989
115	0.89989
116	0.89989
117	0.89989
118	0.89989
119	0.89989
120	0.89989
121	0.89989
122	0.89989
123	0.89989
124	0.89989
125	0.89989
126	0.89989
127	0.89989
128	0.89989
129	0.89989
130	0.89989
131	0.89989
132	0.89989
133	0.89989
134	0.89989
135	0.89989
136	0.89989
137	0.89989
138	0.89989
139	0.89989
140	0.89989
141	0.89989
142	0.89989
143	0.89989
144	0.89989
145	0.89989
146	0.89989
147	0.89989
148	0.89989
149	0.89989
150	0.89989
151	0.89989
152	0.89989
153	0.89989
154	0.89989
155	0.89989
156	0.89989
157	0.89989
158	0.89989
159	0.89989
160	0.89989
161	0.89989
162	0.89989
163	0.89989
164	0.89989
165	0.89989
166	0.89989
167	0.89989
168	0.89989
169	0.89989
170	0.89989
171	0.89989
172	0.89989
173	0.89989
174	0.89989
175	0.89989
176	0.89989
177	0.89989
178	0.89989
179	0.89989
180	0.89989
181	0.89989
182	0.89989
183	0.89989
184	0.89989
185	0.89989
186	0.89989
187	0.89989
188	0.89989
189	0.89989
190	0.89989
191	0.89989
192	0.89989
193	0.89989
194	0.89989
195	0.89989
196	0.89989
197	0.89989
198	0.89989
199	0.89989
200	0.89989
201	0.89989
202	0.89989
203	0.89989
204	0.89989
205	0.89989
206	0.89989
207	0.89989
208	0.89989
209	0.89989
210	0.89989
211	0.89989
212	0.89989
213	0.89989
214	0.89989
215	0.89989
216	0.89989
217	0.89989
218	0.89989
219	0.89989
220	0.89989
221	0.89989
222	0.89989
223	0.89989
224	0.89989
225	0.89989
226	0.89989
227	0.89989
228	0.89989
229	0.89989
230	0.89989
231	0.89989
232	0.89989
233	0.89989
234	0.89989
235	0.89989
236	0.89989
237	0.89989
238	0.89989
239	0.89989
240	0.89989
241	0.89989
242	0.89989
243	0.89989
244	0.89989
245	0.89989
246	0.89989
247	0.89989
248	0.89989
249	0.89989
250	0.89989
251	0.89989
252	0.89989
253	0.89989
254	0.89989
255	0.89989
256	0.89989
257	0.89989
258	0.89989
259	0.89989
260	0.89989
261	0.89989
262	0.89989
263	0.89989
264	0.89989
265	0.89989
266	0.89989
267	0.89989
268	0.89989
269	0.89989
270	0.89989
271	0.89989
272	0.89989
273	0.89989
274	0.89989
275	0.89989
276	0.89989
277	0.89989
278	0.89989
279	0.89989
280	0.89989
281	0.89989
282	0.89989
283	0.89989
284	0.89989
285	0.89989
286	0.89989
287	0.89989
288	0.89989
289	0.89989
290	0.89989
291	0.89989
292	0.89989
293	0.89989
294	0.89989
295	0.89989
296	0.89989
297	0.89989
298	0.89989
299	0.89989
300	0.89989
301	0.89989
302	0.89989
303	0.89989
304	0.89989
305	0.89989
306	0.89989
307	0.89989
308	0.89989
309	0.89989
310	0.89989
311	0.89989
312	0.89989
313	0.89989
314	0.89989
315	0.89989
316	0.89989
317	0.89989
318	0.89989
319	0.89989
320	0.89989
321	0.89989
322	0.89989
323	0.89989
324	0.89989
325	0.89989
326	0.89989
327	0.89989
328	0.89989
329	0.89989
330	0.89989
331	0.89989
332	0.89989
333	0.89989
334	0.89989
335	0.89989
336	0.89989
337	0.89989
338	0.89989
339	0.89989
340	0.89989
341	0.89989
342	0.89989
343	0.89989
344	0.89989
345	0.89989
346	0.89989
347	0.89989
348	0.89989
349	0.89989
350	0.89989
351	0.89989
352	0.89989
353	0.89989
354	0.89989
355	0.89989
356	0.89989
357	0.89989
358	0.89989
359	0.89989
360	0.89989
361	0.89989
362	0.89989
363	0.89989
364	0.89989
365	0.89989
366	0.89989
367	0.89989
368	0.89989
369	0.89989
370	0.89989
371	0.89989
372	0.89989
373	0.89989
374	0.89989
375	0.89989
376	0.89989
377	0.89989
378	0.89989
379	0.89989
380	0.89989
381	0.89989
382	0.89989
383	0.89989
384	0.89989
385	0.89989
386	0.89989
387	0.89989
388	0.89989
389	0.89989
390	0.89989
391	0.89989
392	0.89989
393	0.89989
394	0.89989
395	0.89989
396	0.89989
397	0.89989
398	0.89989
399	0.89989
400	0.89989
401	0.89989
402	0.89989
403	0.89989
404	0.89989
405	0.89989
406	0.89989
407	0.89989
408	0.89989
409	0.89989
410	0.89989
411	0.89989
412	0.89989
413	0.89989
414	0.89989
415	0.89989
416	0.89989
417	0.89989
418	0.89989
419	0.89989
420	0.89989
421	0.89989
422	0.89989
423	0.89989
424	0.89989
425	0.89989
426	0.89989
427	0.89989
428	0.89989
429	0.89989
430	0.89989
431	0.89989
432	0.89989
433	0.89989
434	0.89989
435	0.89989
436	0.89989
437	0.89989
438	0.89989
439	0.89989
440	0.89989
441	0.89989
442	0.89989
443	0.89989
444	0.89989
445	0.89989
446	0.89989
447	0.89989
448	0.89989
449	0.89989
450	0.89989
451	0.89989
452	0.89989
453	0.89989
454	0.89989
455	0.89989
456	0.89989
457	0.89989
458	0.89989
459	0.89989
460	0.89989
461	0.89989
462	0.89989
463	0.89989
464	0.89989
465	0.89989
466	0.89989
467	0.89989
468	0.89989
469	0.89989
470	0.89989
471	0.89989
472	0.89989
473	0.89989
474	0.89989
475	0.89989
476	0.89989
477	0.89989
478	0.89989
479	0.89989
480	0.89989
481	0.89989
482	0.89989
483	0.89989
484	0.89989
485	0.89989
486	0.89989
487	0.89989
488	0.89989
489	0.89989
490	0.89989
491	0.89989
492	0.89989
493	0.89989
494	0.89989
495	0.89989
496	0.89989
497	0.89989
498	0.89989
499	0.89989
500	0.89989
501	0.89989
502	0.89989
503	0.89989
504	0.89989
505	0.89989
506	0.89989
507	0.89989
508	0.89989
509	0.89989
510	0.89989
511	0.89989
512	0.89989
513	0.89989
514	0.89989
515	0.89989
516	0.89989
517	0.89989
518	0.89989
519	0.89989
520	0.89989
521	0.89989
522	0.89989
523	0.89989
524	0.89989
525	0.89989
526	0.89989
527	0.89989
528	0.89989
529	0.89989
530	0.89989
531	0.89989
532	0.89989
533	0.89989
534	0.89989
535	0.89989
536	0.89989
537	0.89989
538	0.89989
539	0.89989
540	0.89989
541	0.89989
542	0.89989
543	0.93738
544	0.93738
545	0.93738
546	0.93738
547	0.93738
548	0.93738
549	0.93738
550	0.93738
551	0.93738
552	0.93738
553	0.93738
554	0.89989
555	0.93738
556	0.89989
557	0.89989
558	0.89989
559	0.89989
560	0.89989
561	0.89989
562	0.89989
563	0.89989
564	0.89989
565	0.89989
566	0.89989
567	0.89989
568	0.89989
569	0.89989
570	0.89989
571	0.89989
572	0.89989
573	0.89989
574	0.89989
575	0.89989
576	0.89989
577	0.89989
578	0.89989
579	0.89989
580	0.89989
581	0.89989
582	0.89989
583	0.89989
584	0.89989
585	0.89989
586	0.89989
587	0.89989
588	0.89989
589	0.89989
590	0.93738
591	0.93738
592	0.93738
593	0.93738
594	0.93738
595	0.93738
596	0.93738
597	0.93738
598	0.93738
599	0.93738
600	0.93738
601	0.93738
602	0.93738
603	0.89989
604	0.89989
605	0.89989
606	0.89989
607	0.89989
608	0.89989
609	0.89989
610	0.89989
611	0.89989
612	0.93738
613	0.89989
614	0.89989
615	0.89989
616	0.89989
617	0.89989
618	0.89989
619	0.89989
620	0.89989
621	0.89989
622	0.89989
623	0.89989
624	0.89989
625	0.89989
626	0.93738
627	0.93738
628	0.93738
629	0.93738
630	0.93738
631	0.93738
632	0.93738
633	0.93738
634	0.93738
635	0.93738
636	0.93738
637	0.93738
638	0.93738
639	0.93738
640	0.93738
641	0.93738
642	0.93738
643	0.93738
644	0.93738
645	0.93738
646	0.93738
647	0.93738
648	0.93738
649	0.93738
650	0.93738
651	0.93738
652	0.93738
653	0.93738
654	0.93738
655	0.93738
656	0.93738
657	0.93738
658	0.93738
659	0.93738
660	0.93738
661	0.93738
662	0.93738
663	0.93738
664	0.93738
665	0.93738
666	0.93738
667	0.93738
668	0.93738
669	0.93738
670	0.93738
671	0.93738
672	0.93738
673	0.93738
674	0.93738
675	0.93738
676	0.93738
677	0.93738
678	0.93738
679	0.93738
680	0.93738
681	0.93738
682	0.93738
683	0.93738
684	0.93738
685	0.93738
686	0.93738
687	0.93738
688	0.93738
689	0.93738
690	0.93738
691	0.93738
692	0.93738
693	0.93738
694	0.93738
695	0.93738
696	0.93738
697	0.93738
698	0.93738
699	0.93738
700	0.93738
701	0.93738
702	0.93738
703	0.93738
704	0.93738
705	0.93738
706	0.93738
707	0.93738
708	0.93738
709	0.93738
710	0.93738
711	0.93738
712	0.93738
713	0.93738
714	0.93738
715	0.93738
716	0.93738
717	0.93738
718	0.93738
719	0.93738
720	0.93738
721	0.93738
722	0.93738
723	0.93738
724	0.93738
725	0.93738
726	0.93738
727	0.93738
728	0.93738
729	0.93738
730	0.93738
731	0.93738
732	0.93738
733	0.93738
734	0.93738
735	0.93738
736	0.93738
737	0.93738
738	0.93738
739	0.93738
740	0.93738
741	0.93738
742	0.93738
743	0.93738
744	0.93738
745	0.93738
746	0.97488
747	0.97488
748	0.97488
749	0.97488
750	0.97488
751	0.97488
752	0.97488
753	0.97488
754	0.97488
755	0.97488
756	0.97488
757	0.97488
758	0.97488
759	0.97488
760	0.97488
761	0.97488
762	0.97488
763	1.01237
764	1.01237
765	1.01237
766	1.01237
767	1.01237
768	1.01237
769	1.01237
770	1.01237
771	1.01237
772	1.01237
773	1.01237
774	1.01237
775	1.04987
776	1.04987
777	1.04987
778	1.04987
779	1.04987
780	1.04987
781	1.04987
782	1.04987
783	1.04987
784	1.08736
785	1.08736
786	1.08736
787	1.08736
788	1.12486
789	1.12486
790	1.12486
791	1.16235
792	1.16235
793	1.19985
794	1.23734
795	1.23734
796	1.27484
797	1.31234
798	1.34983
799	1.38733
800	1.42482
801	1.46232
802	1.49981
803	1.5748
804	1.6123
805	1.68729
806	1.76228
807	1.87477
808	2.02475
809	2.32471
810	2.73716
811	3.37458
812	4.31196
813	5.54931
814	7.1616
815	9.03637
816	11.1736
817	13.5733
818	16.12299
819	18.78515
820	21.52231
821	24.29696
822	27.03412
823	29.77128
824	32.43344
825	35.02062
826	37.49531
827	39.89502
828	42.14473
829	44.28196
830	46.30671
831	48.18148
832	49.98125
833	51.63105
834	53.20585
835	54.66816
836	56.01799
837	57.29284
838	58.49269
839	59.61755
840	60.62992
841	61.64229
842	62.54218
843	63.40458
844	64.19197
845	64.94188
846	65.69179
847	66.3667
848	67.00412
849	67.64154
850	68.20398
851	68.8039
852	69.32883
853	69.85377
854	70.3787
855	70.86614
856	71.31608
857	71.80352
858	72.21597
859	72.66591
860	73.07837
861	73.49081
862	73.90326
863	74.31571
864	74.69066
865	75.06562
866	75.44057
867	75.77806
868	76.15296
869	76.49046
870	76.79036
871	77.12786
872	77.42786
873	77.72776
874	78.02776
875	78.32766
876	78.59016
877	78.62766
878	78.62766
879	78.62766
880	78.62766
881	78.62766
882	78.62766
883	78.62766
884	78.62766
885	78.62766
886	78.62766
887	78.62766
888	78.62766
889	78.62766
890	78.62766
891	78.62766
892	78.62766
893	78.62766
894	78.62766
895	78.62766
896	78.62766
897	78.62766
898	78.62766
899	78.62766
900	78.62766
901	78.62766
902	78.62766
903	78.62766
904	78.62766
905	78.62766
906	78.62766
907	78.62766
908	78.62766
909	78.62766
910	78.62766
911	78.62766
912	78.62766
913	78.62766
914	78.62766
915	78.62766
916	78.62766
917	78.62766
918	78.62766
919	78.62766
920	78.62766
921	78.62766
922	78.62766
923	78.62766
924	78.62766
925	78.62766
926	78.62766
927	78.62766
928	78.62766
929	78.62766
930	78.62766
931	78.62766
932	78.62766
933	78.62766
934	78.62766
935	78.62766
936	78.62766
937	78.62766
938	78.62766
939	78.62766
940	78.62766
941	78.62766
942	78.62766
943	78.62766
944	78.62766
945	78.62766
946	78.62766
947	78.62766
948	78.62766
949	78.62766
950	78.62766
951	78.62766
952	78.36516
953	77.95276
954	77.50286
955	77.05286
956	76.56546
957	76.04046
958	75.51556
959	74.99063
960	74.4282
961	73.86576
962	73.26584
963	72.66591
964	72.06599
965	71.46607
966	70.86614
967	70.22872
968	69.6288
969	69.02887
970	68.39145
971	67.79152
972	67.1916
973	66.55418
974	65.95426
975	65.31684
976	64.71691
977	64.07949
978	63.40458
979	62.76715
980	62.09224
981	61.37983
982	60.66742
983	59.95501
984	59.2426
985	58.49269
986	57.74278
987	56.99288
988	56.20547
989	55.45557
990	54.70566
991	53.95575
992	53.20585
993	52.45594
994	51.74353
995	51.06861
996	50.3937
997	49.71878
998	49.08136
999	48.40645
1000	47.76903
1001	47.1691
1002	46.53168
1003	45.93176
1004	45.29434
1005	44.69442
1006	44.09449
1007	43.45707
1008	42.85714
1009	42.25722
1010	41.65729
1011	41.05737
1012	40.41995
1013	39.82002
1014	39.2201
1015	38.65767
1016	38.05774
1017	37.45782
1018	36.89539
1019	36.37045
1020	35.80803
1021	35.28309
1022	34.75816
1023	34.27072
1024	33.78328
1025	33.33333
1026	32.88339
1027	32.43344
1028	31.9835
1029	31.57105
1030	31.12111
1031	30.70866
1032	30.29621
1033	29.88376
1034	29.47132
1035	29.05887
1036	28.64642
1037	28.23397
1038	27.78403
1039	27.37158
1040	26.95913
1041	26.50919
1042	26.09674
1043	25.68429
1044	25.27184
1045	24.85939
1046	24.48444
1047	24.07199
1048	23.69704
1049	23.35958
1050	23.02212
1051	22.68467
1052	22.3847
1053	22.04724
1054	21.78477
1055	21.48481
1056	21.22235
1057	20.95988
1058	20.69741
1059	20.43494
1060	20.20997
1061	19.94751
1062	19.68504
1063	19.46007
1064	19.2351
1065	18.97263
1066	18.74766
1067	18.52269
1068	18.29771
1069	18.07274
1070	17.84777
1071	17.62279
1072	17.39782
1073	17.17285
1074	16.98538
1075	16.7604
1076	16.57293
1077	16.38545
1078	16.19798
1079	16.04799
1080	15.89801
1081	15.74803
1082	15.59805
1083	15.44807
1084	15.33558
1085	15.1856
1086	15.07312
1087	14.92313
1088	14.77315
1089	14.66067
1090	14.51068
1091	14.36071
1092	14.21072
1093	14.06074
1094	13.94826
1095	13.79827
1096	13.64829
1097	13.53581
1098	13.38583
1099	13.27334
1100	13.12336
1101	13.01087
1102	12.86089
1103	12.74841
1104	12.63592
1105	12.52343
1106	12.41095
1107	12.33596
1108	12.22347
1109	12.14848
1110	12.036
1111	11.96101
1112	11.88601
1113	11.81102
1114	11.69854
1115	11.62355
1116	11.54856
1117	11.47356
1118	11.39857
1119	11.28609
1120	11.2111
1121	11.13611
1122	11.06112
1123	10.98613
1124	10.91114
1125	10.83614
1126	10.76115
1127	10.68616
1128	10.61117
1129	10.53618
1130	10.49869
1131	10.4237
1132	10.34871
1133	10.31121
1134	10.23622
1135	10.19873
1136	10.12373
1137	10.08624
1138	10.01125
1139	9.97375
1140	9.93626
1141	9.89876
1142	9.86127
1143	9.82377
1144	9.78628
1145	9.74878
1146	9.71128
1147	9.71128
1148	9.71128
1149	9.71128
1150	9.71128
1151	9.71128
1152	9.74878
1153	9.78628
1154	9.82377
1155	9.89876
1156	9.97375
1157	10.04874
1158	10.12373
1159	10.23622
1160	10.31121
1161	10.4237
1162	10.53618
1163	10.64867
1164	10.79865
1165	10.91114
1166	11.02362
1167	11.13611
1168	11.28609
1169	11.43607
1170	11.54856
1171	11.69854
1172	11.88601
1173	12.036
1174	12.22347
1175	12.41095
1176	12.59842
1177	12.7859
1178	12.97338
1179	13.19835
1180	13.38583
1181	13.6108
1182	13.79827
1183	14.02325
1184	14.21072
1185	14.3982
1186	14.58568
1187	14.73566
1188	14.88564
1189	15.03562
1190	15.14811
1191	15.26059
1192	15.37308
1193	15.44807
1194	15.56055
1195	15.59805
1196	15.67304
1197	15.71054
1198	15.74803
1199	15.78553
1200	15.78553
1201	15.78553
1202	15.78553
1203	15.74803
1204	15.71054
1205	15.63554
1206	15.59805
1207	15.48557
1208	15.41057
1209	15.29809
1210	15.1856
1211	15.03562
1212	14.88564
1213	14.77315
1214	14.58568
1215	14.4357
1216	14.28571
1217	14.09824
1218	13.94826
1219	13.76078
1220	13.6108
1221	13.42332
1222	13.27334
1223	13.12336
1224	12.93588
1225	12.7859
1226	12.59842
1227	12.44844
1228	12.26097
1229	12.07349
1230	11.88601
1231	11.69854
1232	11.47356
1233	11.28609
1234	11.06112
1235	10.87364
1236	10.64867
1237	10.46119
1238	10.23622
1239	10.04874
1240	9.86127
1241	9.6363
1242	9.44882
1243	9.29884
1244	9.11136
1245	8.96138
1246	8.8114
1247	8.66141
1248	8.51144
1249	8.39895
1250	8.28646
1251	8.17398
1252	8.06149
1253	7.949
1254	7.87402
1255	7.76153
1256	7.68654
1257	7.61155
1258	7.53656
1259	7.42407
1260	7.34908
1261	7.27409
1262	7.1991
1263	7.12411
1264	7.04912
1265	7.01162
1266	6.93663
1267	6.86164
1268	6.82415
1269	6.78665
1270	6.71166
1271	6.67417
1272	6.67417
1273	6.63667
1274	6.59917
1275	6.59917
1276	6.56168
1277	6.56168
1278	6.52418
1279	6.52418
1280	6.52418
1281	6.52418
1282	6.48669
1283	6.48669
1284	6.48669
1285	6.44919
1286	6.44919
1287	6.44919
1288	6.44919
1289	6.4117
1290	6.4117
1291	6.3742
1292	6.3742
1293	6.3742
1294	6.3742
1295	6.3742
1296	6.3742
1297	6.4117
1298	6.4117
1299	6.44919
1300	6.48669
1301	6.52418
1302	6.56168
1303	6.59917
1304	6.67417
1305	6.71166
1306	6.78665
1307	6.82415
1308	6.89914
1309	6.93663
1310	7.01162
1311	7.12411
1312	7.1991
1313	7.31159
1314	7.42407
1315	7.57405
1316	7.72403
1317	7.91151
1318	8.13648
1319	8.36145
1320	8.62392
1321	8.88639
1322	9.22385
1323	9.52381
1324	9.89876
1325	10.27372
1326	10.64867
1327	11.06112
1328	11.43607
1329	11.84852
1330	12.26097
1331	12.63592
1332	13.01087
1333	13.38583
1334	13.76078
1335	14.09824
1336	14.4357
1337	14.77315
1338	15.11061
1339	15.41057
1340	15.71054
1341	16.0105
1342	16.27296
1343	16.53543
1344	16.7979
1345	17.06037
1346	17.32283
1347	17.54781
1348	17.77278
1349	17.99775
1350	18.18523
1351	18.3727
1352	18.56018
1353	18.71016
1354	18.86014
1355	18.97263
1356	19.08511
1357	19.1976
1358	19.27259
1359	19.34758
1360	19.42257
1361	19.49756
1362	19.53506
1363	19.57255
1364	19.61005
1365	19.61005
1366	19.61005
1367	19.61005
1368	19.57255
1369	19.53506
1370	19.46007
1371	19.42257
1372	19.31009
1373	19.2351
1374	19.12261
1375	19.01012
1376	18.89764
1377	18.74766
1378	18.63517
1379	18.52269
1380	18.44769
1381	18.33521
1382	18.29771
1383	18.22272
1384	18.22272
1385	18.18523
1386	18.18523
1387	18.22272
1388	18.26022
1389	18.29771
1390	18.33521
1391	18.3727
1392	18.44769
1393	18.52269
1394	18.56018
1395	18.63517
1396	18.71016
1397	18.78515
1398	18.86014
1399	18.97263
1400	19.08511
1401	19.1976
1402	19.34758
1403	19.49756
1404	19.68504
1405	19.91001
1406	20.13498
1407	20.43494
1408	20.7724
1409	21.14736
1410	21.5973
1411	22.04724
1412	22.53468
1413	23.05962
1414	23.58455
1415	24.14698
1416	24.70941
1417	25.27184
1418	25.87176
1419	26.47169
1420	27.07162
1421	27.70904
1422	28.38395
1423	29.13386
1424	29.88376
1425	30.70866
1426	31.64605
1427	32.62092
1428	33.67079
1429	34.83314
1430	36.033
1431	37.30783
1432	38.65767
1433	40.04499
1434	41.43232
1435	42.85714
1436	44.31946
1437	45.74428
1438	47.1691
1439	48.59392
1440	49.98125
1441	51.33108
1442	52.60592
1443	53.88076
1444	55.08062
1445	56.24297
1446	57.36783
1447	58.4177
1448	59.43007
1449	60.40495
1450	61.30484
1451	62.16722
1452	62.99212
1453	63.77953
1454	64.49194
1455	65.20435
1456	65.84177
1457	66.47919
1458	67.04162
1459	67.60405
1460	68.12899
1461	68.57893
1462	69.02887
1463	69.44132
1464	69.81627
1465	70.15373
1466	70.45369
1467	70.67866
1468	70.90364
1469	71.09111
1470	71.24109
1471	71.35358
1472	71.46607
1473	71.50356
1474	71.54106
1475	71.54106
1476	71.50356
1477	71.46607
1478	71.39108
1479	71.27859
1480	71.1286
1481	70.97863
1482	70.75366
1483	70.52868
1484	70.22872
1485	69.92876
1486	69.5913
1487	69.17885
1488	68.72891
1489	68.20398
1490	67.67904
1491	67.04162
1492	66.3667
1493	65.65429
1494	64.86689
1495	64.042
1496	63.1796
1497	62.27971
1498	61.37983
1499	60.47994
1500	59.58005
1501	58.64267
1502	57.74278
1503	56.84289
1504	55.90551
1505	55.00563
1506	54.10574
1507	53.20585
1508	52.26847
1509	51.33108
1510	50.3562
1511	49.38133
1512	48.36895
1513	47.35658
1514	46.3442
1515	45.29434
1516	44.24447
1517	43.15711
1518	42.10723
1519	41.01987
1520	39.97
1521	38.92014
1522	37.87027
1523	36.85789
1524	35.88301
1525	34.90813
1526	34.00825
1527	33.14585
1528	32.32096
1529	31.53356
1530	30.78365
1531	30.07124
1532	29.39632
1533	28.7589
1534	28.15898
1535	27.55906
1536	26.99662
1537	26.4342
1538	25.90926
1539	25.38433
1540	24.89689
1541	24.40945
1542	23.92201
1543	23.47206
1544	23.02212
1545	22.60967
1546	22.19722
1547	21.78477
1548	21.40982
1549	20.99738
1550	20.65992
1551	20.28497
1552	19.94751
1553	19.64754
1554	19.31009
1555	19.04762
1556	18.74766
1557	18.48519
1558	18.22272
1559	17.99775
1560	17.73528
1561	17.51031
1562	17.28534
1563	17.06037
1564	16.8354
1565	16.61042
1566	16.38545
1567	16.16048
1568	15.973
1569	15.74803
1570	15.52306
1571	15.33558
1572	15.11061
1573	14.92313
1574	14.73566
1575	14.51068
1576	14.32321
1577	14.17323
1578	13.98575
1579	13.79827
1580	13.64829
1581	13.49831
1582	13.34833
1583	13.19835
1584	13.08586
1585	12.93588
1586	12.82339
1587	12.67342
1588	12.56093
1589	12.44844
1590	12.33596
1591	12.22347
1592	12.11098
1593	11.9985
1594	11.88601
1595	11.77353
1596	11.66104
1597	11.54856
1598	11.43607
1599	11.32359
1600	11.2111
1601	11.09861
1602	10.98613
1603	10.87364
1604	10.76115
1605	10.64867
1606	10.57368
1607	10.46119
1608	10.34871
1609	10.27372
1610	10.16123
1611	10.08624
1612	10.01125
1613	9.93626
1614	9.82377
1615	9.74878
1616	9.67379
1617	9.5988
1618	9.52381
1619	9.44882
1620	9.37383
1621	9.29884
1622	9.18635
1623	9.11136
1624	9.03637
1625	8.96138
1626	8.88639
1627	8.8114
1628	8.73641
1629	8.66141
1630	8.58643
1631	8.51144
1632	8.43644
1633	8.36145
1634	8.28646
1635	8.24897
1636	8.17398
1637	8.13648
1638	8.06149
1639	8.024
1640	7.9865
1641	7.91151
1642	7.87402
1643	7.83652
1644	7.79903
1645	7.76153
1646	7.72403
1647	7.68654
1648	7.64904
1649	7.61155
1650	7.61155
1651	7.57405
1652	7.53656
1653	7.53656
1654	7.53656
1655	7.49906
1656	7.49906
1657	7.49906
1658	7.49906
1659	7.53656
1660	7.53656
1661	7.57405
1662	7.57405
1663	7.61155
1664	7.61155
1665	7.64904
1666	7.64904
1667	7.68654
1668	7.68654
1669	7.72403
1670	7.72403
1671	7.72403
1672	7.76153
1673	7.76153
1674	7.79903
1675	7.79903
1676	7.79903
1677	7.79903
1678	7.79903
1679	7.79903
1680	7.79903
1681	7.79903
1682	7.76153
1683	7.76153
1684	7.72403
1685	7.72403
1686	7.68654
1687	7.64904
1688	7.61155
1689	7.57405
1690	7.49906
1691	7.46157
1692	7.42407
1693	7.34908
1694	7.31159
1695	7.2366
1696	7.1991
1697	7.12411
1698	7.08661
1699	7.01162
1700	6.97413
1701	6.89914
1702	6.82415
1703	6.78665
1704	6.71166
1705	6.63667
1706	6.59917
1707	6.52418
1708	6.44919
1709	6.3742
1710	6.29921
1711	6.22422
1712	6.11174
1713	6.03674
1714	5.96175
1715	5.88676
1716	5.81177
1717	5.73678
1718	5.66179
1719	5.5868
1720	5.51181
1721	5.43682
1722	5.36183
1723	5.32433
1724	5.24934
1725	5.21185
1726	5.13686
1727	5.09936
1728	5.02437
1729	4.98688
1730	4.94938
1731	4.91189
1732	4.87439
1733	4.83689
1734	4.7994
1735	4.7619
1736	4.72441
1737	4.68691
1738	4.64942
1739	4.61192
1740	4.57443
1741	4.53693
1742	4.49944
1743	4.46194
1744	4.42445
1745	4.42445
1746	4.38695
1747	4.34946
1748	4.31196
1749	4.31196
1750	4.27447
1751	4.23697
1752	4.23697
1753	4.19947
1754	4.16198
1755	4.16198
1756	4.12448
1757	4.12448
1758	4.08699
1759	4.08699
1760	4.04949
1761	4.012
1762	4.012
1763	3.9745
1764	3.93701
1765	3.89951
1766	3.86202
1767	3.82452
1768	3.78703
1769	3.74953
1770	3.71204
1771	3.67454
1772	3.63704
1773	3.59955
1774	3.56205
1775	3.52456
1776	3.52456
1777	3.48706
1778	3.44957
1779	3.41207
1780	3.41207
1781	3.37458
1782	3.37458
1783	3.33708
1784	3.33708
1785	3.29959
1786	3.29959
1787	3.29959
1788	3.26209
1789	3.26209
1790	3.2246
1791	3.2246
1792	3.1871
1793	3.14961
1794	3.14961
1795	3.11211
1796	3.11211
1797	3.07462
1798	3.07462
1799	3.07462
1800	3.03712
1801	3.03712
1802	2.99962
1803	2.99962
1804	2.99962
1805	2.99962
1806	2.99962
1807	2.96213
1808	2.96213
1809	2.96213
1810	2.96213
1811	2.96213
1812	2.99962
1813	2.99962
1814	2.99962
1815	2.99962
1816	2.99962
1817	2.99962
1818	3.03712
1819	3.03712
1820	3.07462
1821	3.07462
1822	3.11211
1823	3.1871
1824	3.2246
1825	3.29959
1826	3.33708
1827	3.44957
1828	3.52456
1829	3.59955
1830	3.71204
1831	3.82452
1832	3.93701
1833	4.04949
1834	4.16198
1835	4.23697
1836	4.34946
1837	4.46194
1838	4.57443
1839	4.68691
1840	4.7994
1841	4.91189
1842	5.02437
1843	5.09936
1844	5.21185
1845	5.32433
1846	5.39932
1847	5.51181
1848	5.5868
1849	5.69929
1850	5.77428
1851	5.84927
1852	5.88676
1853	5.96175
1854	5.99925
1855	6.03674
1856	6.07424
1857	6.11174
1858	6.11174
1859	6.11174
1860	6.11174
1861	6.11174
1862	6.11174
1863	6.07424
1864	6.07424
1865	6.03674
1866	5.99925
1867	5.96175
1868	5.96175
1869	5.88676
1870	5.84927
1871	5.81177
1872	5.77428
1873	5.69929
1874	5.66179
1875	5.5868
1876	5.51181
1877	5.43682
1878	5.36183
1879	5.28684
1880	5.21185
1881	5.13686
1882	5.06187
1883	4.98688
1884	4.91189
1885	4.83689
1886	4.7619
1887	4.68691
1888	4.61192
1889	4.53693
1890	4.46194
1891	4.42445
1892	4.34946
1893	4.31196
1894	4.27447
1895	4.23697
1896	4.16198
1897	4.12448
1898	4.08699
1899	4.04949
1900	4.012
1901	3.9745
1902	3.93701
1903	3.89951
1904	3.86202
1905	3.82452
1906	3.78703
1907	3.74953
1908	3.71204
1909	3.67454
1910	3.63704
1911	3.59955
1912	3.56205
1913	3.52456
1914	3.48706
1915	3.41207
1916	3.37458
1917	3.33708
1918	3.33708
1919	3.29959
1920	3.26209
1921	3.2246
1922	3.1871
1923	3.1871
1924	3.14961
1925	3.11211
1926	3.11211
1927	3.07462
1928	3.03712
1929	3.03712
1930	2.99962
1931	2.96213
1932	2.92463
1933	2.92463
1934	2.88714
1935	2.84964
1936	2.81215
1937	2.77465
1938	2.77465
1939	2.73716
1940	2.69966
1941	2.69966
1942	2.66217
1943	2.66217
1944	2.66217
1945	2.66217
1946	2.62467
1947	2.66217
1948	2.66217
1949	2.66217
1950	2.66217
1951	2.66217
1952	2.69966
1953	2.69966
1954	2.73716
1955	2.77465
1956	2.81215
1957	2.84964
1958	2.88714
1959	2.92463
1960	2.99962
1961	3.07462
1962	3.14961
1963	3.2246
1964	3.33708
1965	3.41207
1966	3.56205
1967	3.67454
1968	3.78703
1969	3.93701
1970	4.04949
1971	4.19947
1972	4.34946
1973	4.46194
1974	4.61192
1975	4.72441
1976	4.87439
1977	4.98688
1978	5.09936
1979	5.21185
1980	5.32433
1981	5.43682
1982	5.54931
1983	5.6243
1984	5.73678
1985	5.81177
1986	5.88676
1987	5.96175
1988	6.03674
1989	6.07424
1990	6.11174
1991	6.14923
1992	6.18673
1993	6.22422
1994	6.22422
1995	6.22422
1996	6.22422
1997	6.22422
1998	6.18673
1999	6.14923
2000	6.11174
2001	6.07424
2002	6.03674
2003	5.99925
2004	5.92426
2005	5.88676
2006	5.84927
2007	5.77428
2008	5.73678
2009	5.66179
2010	5.6243
2011	5.54931
2012	5.51181
2013	5.43682
2014	5.36183
2015	5.28684
2016	5.24934
2017	5.17435
2018	5.09936
2019	5.02437
2020	4.94938
2021	4.87439
2022	4.7619
2023	4.68691
2024	4.61192
2025	4.53693
2026	4.46194
2027	4.38695
2028	4.34946
2029	4.27447
2030	4.19947
2031	4.12448
2032	4.08699
2033	4.04949
2034	3.9745
2035	3.93701
2036	3.89951
2037	3.86202
2038	3.82452
2039	3.74953
2040	3.71204
2041	3.67454
2042	3.63704
2043	3.59955
2044	3.56205
2045	3.48706
2046	3.44957
2047	3.41207
2048	3.37458
2049	3.33708
2050	3.29959
2051	3.26209
2052	3.2246
2053	3.14961
2054	3.14961
2055	3.11211
2056	3.07462
2057	3.03712
2058	3.03712
2059	2.99962
2060	2.99962
2061	2.99962
2062	2.99962
2063	2.96213
2064	2.96213
2065	2.96213
2066	2.99962
2067	2.99962
2068	2.99962
2069	3.03712
2070	3.03712
2071	3.07462
2072	3.11211
2073	3.14961
2074	3.2246
2075	3.29959
2076	3.37458
2077	3.44957
2078	3.52456
2079	3.63704
2080	3.74953
2081	3.82452
2082	3.93701
2083	4.04949
2084	4.16198
2085	4.27447
2086	4.38695
2087	4.49944
2088	4.61192
2089	4.72441
2090	4.7994
2091	4.91189
2092	4.98688
2093	5.06187
2094	5.17435
2095	5.24934
2096	5.32433
2097	5.39932
2098	5.43682
2099	5.51181
2100	5.54931
2101	5.5868
2102	5.6243
2103	5.66179
2104	5.69929
2105	5.69929
2106	5.69929
2107	5.69929
2108	5.69929
2109	5.69929
2110	5.66179
2111	5.66179
2112	5.6243
2113	5.5868
2114	5.54931
2115	5.51181
2116	5.47432
2117	5.43682
2118	5.39932
2119	5.36183
2120	5.32433
2121	5.28684
2122	5.24934
2123	5.21185
2124	5.17435
2125	5.09936
2126	5.06187
2127	4.98688
2128	4.94938
2129	4.87439
2130	4.83689
2131	4.7619
2132	4.68691
2133	4.61192
2134	4.53693
2135	4.46194
2136	4.42445
2137	4.34946
2138	4.27447
2139	4.19947
2140	4.12448
2141	4.04949
2142	3.9745
2143	3.93701
2144	3.86202
2145	3.82452
2146	3.78703
2147	3.71204
2148	3.67454
2149	3.63704
2150	3.59955
2151	3.56205
2152	3.52456
2153	3.48706
2154	3.48706
2155	3.44957
2156	3.44957
2157	3.41207
2158	3.41207
2159	3.41207
2160	3.41207
2161	3.44957
2162	3.44957
2163	3.48706
2164	3.52456
2165	3.56205
2166	3.63704
2167	3.67454
2168	3.74953
2169	3.82452
2170	3.86202
2171	3.93701
2172	4.012
2173	4.08699
2174	4.16198
2175	4.23697
2176	4.31196
2177	4.38695
2178	4.42445
2179	4.49944
2180	4.57443
2181	4.64942
2182	4.68691
2183	4.7619
2184	4.7994
2185	4.83689
2186	4.87439
2187	4.91189
2188	4.94938
2189	4.98688
2190	4.98688
2191	5.02437
2192	5.02437
2193	5.02437
2194	5.02437
2195	5.02437
2196	4.98688
2197	4.98688
2198	4.98688
2199	4.94938
2200	4.94938
2201	4.91189
2202	4.91189
2203	4.87439
2204	4.87439
2205	4.83689
2206	4.7994
2207	4.7994
2208	4.7619
2209	4.72441
2210	4.68691
2211	4.64942
2212	4.61192
2213	4.57443
2214	4.53693
2215	4.49944
2216	4.46194
2217	4.42445
2218	4.38695
2219	4.34946
2220	4.31196
2221	4.27447
2222	4.23697
2223	4.19947
2224	4.16198
2225	4.12448
2226	4.12448
2227	4.08699
2228	4.08699
2229	4.08699
2230	4.08699
2231	4.08699
2232	4.08699
2233	4.08699
2234	4.12448
2235	4.12448
2236	4.16198
2237	4.19947
2238	4.19947
2239	4.23697
2240	4.27447
2241	4.31196
2242	4.34946
2243	4.38695
2244	4.42445
2245	4.46194
2246	4.49944
2247	4.53693
2248	4.57443
2249	4.57443
2250	4.61192
2251	4.61192
2252	4.64942
2253	4.64942
2254	4.64942
2255	4.64942
2256	4.64942
2257	4.64942
2258	4.64942
2259	4.64942
2260	4.64942
2261	4.64942
2262	4.64942
2263	4.61192
2264	4.61192
2265	4.61192
2266	4.57443
2267	4.57443
2268	4.53693
2269	4.53693
2270	4.49944
2271	4.49944
2272	4.46194
2273	4.46194
2274	4.46194
2275	4.42445
2276	4.42445
2277	4.42445
2278	4.46194
2279	4.46194
2280	4.46194
2281	4.46194
2282	4.49944
2283	4.49944
2284	4.53693
2285	4.57443
2286	4.61192
2287	4.61192
2288	4.64942
2289	4.68691
2290	4.72441
2291	4.7619
2292	4.7619
2293	4.7994
2294	4.83689
2295	4.83689
2296	4.87439
2297	4.87439
2298	4.87439
2299	4.87439
2300	4.87439
2301	4.87439
2302	4.87439
2303	4.83689
2304	4.7994
2305	4.7994
2306	4.7619
2307	4.7619
2308	4.72441
2309	4.68691
2310	4.68691
2311	4.64942
2312	4.61192
2313	4.61192
2314	4.61192
2315	4.61192
2316	4.61192
2317	4.61192
2318	4.61192
2319	4.61192
2320	4.61192
2321	4.64942
2322	4.68691
2323	4.68691
2324	4.72441
2325	4.7619
2326	4.7619
2327	4.7994
2328	4.83689
2329	4.83689
2330	4.87439
2331	4.87439
2332	4.87439
2333	4.87439
2334	4.87439
2335	4.87439
2336	4.87439
2337	4.87439
2338	4.87439
2339	4.83689
2340	4.83689
2341	4.7994
2342	4.7994
2343	4.7994
2344	4.7994
2345	4.7994
2346	4.7994
2347	4.7994
2348	4.7994
2349	4.7994
2350	4.7994
2351	4.7994
2352	4.7994
2353	4.83689
2354	4.83689
2355	4.83689
2356	4.83689
2357	4.83689
2358	4.83689
2359	4.83689
2360	4.83689
2361	4.83689
2362	4.83689
2363	4.83689
2364	4.7994
2365	4.7994
2366	4.7994
2367	4.7994
2368	4.7994
2369	4.7619
2370	4.7619
2371	4.7619
2372	4.7619
2373	4.7619
2374	4.7619
2375	4.7619
2376	4.7619
2377	4.7619
2378	4.7619
2379	4.72441
2380	4.72441
2381	4.72441
2382	4.72441
2383	4.72441
2384	4.72441
2385	4.72441
2386	4.68691
2387	4.68691
2388	4.68691
2389	4.68691
2390	4.64942
2391	4.64942
2392	4.64942
2393	4.64942
2394	4.61192
2395	4.61192
2396	4.61192
2397	4.57443
2398	4.57443
2399	4.57443
2400	4.57443
2401	4.57443
2402	4.53693
2403	4.53693
2404	4.53693
2405	4.53693
2406	4.53693
2407	4.53693
2408	4.53693
2409	4.49944
2410	4.49944
2411	4.49944
2412	4.49944
2413	4.49944
2414	4.46194
2415	4.46194
2416	4.46194
2417	4.46194
2418	4.42445
2419	4.42445
2420	4.38695
2421	4.38695
2422	4.38695
2423	4.34946
2424	4.34946
2425	4.31196
2426	4.31196
2427	4.31196
2428	4.27447
2429	4.27447
2430	4.27447
2431	4.23697
2432	4.23697
2433	4.23697
2434	4.23697
2435	4.23697
2436	4.23697
2437	4.23697
2438	4.23697
2439	4.23697
2440	4.23697
2441	4.23697
2442	4.19947
2443	4.19947
2444	4.19947
2445	4.19947
2446	4.19947
2447	4.19947
2448	4.19947
2449	4.16198
2450	4.16198
2451	4.16198
2452	4.16198
2453	4.12448
2454	4.12448
2455	4.12448
2456	4.08699
2457	4.08699
2458	4.08699
2459	4.04949
2460	4.04949
2461	4.04949
2462	4.04949
2463	4.04949
2464	4.012
2465	4.012
2466	4.012
2467	4.012
2468	4.012
2469	4.012
2470	3.9745
2471	3.9745
2472	3.9745
2473	3.93701
2474	3.93701
2475	3.93701
2476	3.89951
2477	3.89951
2478	3.89951
2479	3.86202
2480	3.86202
2481	3.82452
2482	3.82452
2483	3.78703
2484	3.74953
2485	3.74953
2486	3.74953
2487	3.71204
2488	3.71204
2489	3.67454
2490	3.67454
2491	3.67454
2492	3.63704
2493	3.63704
2494	3.63704
2495	3.59955
2496	3.59955
2497	3.59955
2498	3.56205
2499	3.56205
2500	3.56205
2501	3.52456
2502	3.52456
2503	3.52456
2504	3.48706
2505	3.48706
2506	3.44957
2507	3.44957
2508	3.41207
2509	3.41207
2510	3.37458
2511	3.37458
2512	3.33708
2513	3.33708
2514	3.29959
2515	3.29959
2516	3.29959
2517	3.26209
2518	3.26209
2519	3.26209
2520	3.2246
2521	3.2246
2522	3.2246
2523	3.2246
2524	3.1871
2525	3.1871
2526	3.1871
2527	3.14961
2528	3.14961
2529	3.11211
2530	3.11211
2531	3.07462
2532	3.07462
2533	3.03712
2534	2.99962
2535	2.96213
2536	2.96213
2537	2.92463
2538	2.88714
2539	2.84964
2540	2.84964
2541	2.81215
2542	2.81215
2543	2.77465
2544	2.73716
2545	2.73716
2546	2.69966
2547	2.69966
2548	2.66217
2549	2.62467
2550	2.58718
2551	2.54968
2552	2.51219
2553	2.47469
2554	2.47469
2555	2.43719
2556	2.3997
2557	2.3622
2558	2.3622
2559	2.3622
2560	2.32471
2561	2.3622
2562	2.3622
2563	2.3622
2564	2.3997
2565	2.43719
2566	2.47469
2567	2.51219
2568	2.58718
2569	2.66217
2570	2.77465
2571	2.84964
2572	2.92463
2573	2.96213
2574	2.92463
2575	2.81215
2576	2.69966
2577	2.51219
2578	2.28721
2579	2.09974
2580	1.87477
2581	1.68729
2582	1.49981
2583	1.34983
2584	1.19985
2585	1.08736
2586	0.93738
2587	0.8249
2588	0.74991
2589	0.67492
2590	0.59992
2591	0.52493
2592	0.48744
2593	0.41245
2594	0.37495
2595	0.33746
2596	0.29996
2597	0.29996
2598	0.26247
2599	0.22497
2600	0.22497
2601	0.18748
2602	0.18748
2603	0.18748
2604	0.14998
2605	0.14998
2606	0.11249
2607	0.11249
2608	0.11249
2609	0.07499
2610	0.07499
2611	0.07499
2612	0.03749
2613	0.03749
2614	0.03749
2615	0.03749
2616	0.03749
2617	0
2618	0
2619	0
2620	0
2621	0
2622	0
2623	0
2624	0
2625	0
2626	0
2627	0
2628	0
2629	0
2630	0
2631	0
2632	0
2633	-0.0375
2634	-0.0375
2635	-0.0375
2636	-0.0375
2637	-0.0375
2638	-0.0375
2639	-0.0375
2640	-0.0375
2641	-0.0375
2642	-0.07499
2643	-0.07499
2644	-0.07499
2645	-0.07499
2646	-0.07499
2647	-0.07499
2648	-0.07499
2649	-0.07499
2650	-0.11249
2651	-0.11249
2652	-0.11249
2653	-0.11249
2654	-0.11249
2655	-0.11249
2656	-0.11249
2657	-0.11249
2658	-0.11249
2659	-0.11249
2660	-0.11249
2661	-0.11249
2662	-0.11249
2663	-0.11249
2664	-0.11249
2665	-0.11249
2666	-0.11249
2667	-0.11249
2668	-0.11249
2669	-0.11249
2670	-0.11249
2671	-0.11249
2672	-0.11249
2673	-0.11249
2674	-0.14998
2675	-0.14998
2676	-0.14998
2677	-0.14998
2678	-0.14998
2679	-0.14998
2680	-0.14998
2681	-0.14998
2682	-0.14998
2683	-0.14998
2684	-0.14998
2685	-0.14998
2686	-0.14998
2687	-0.14998
2688	-0.14998
2689	-0.14998
2690	-0.14998
2691	-0.11249
2692	-0.11249
2693	-0.11249
2694	-0.11249
2695	-0.11249
2696	-0.11249
2697	-0.11249
2698	-0.11249
2699	-0.14998
2700	-0.14998
2701	-0.14998
2702	-0.14998
2703	-0.14998
2704	-0.14998
2705	-0.14998
2706	-0.14998
2707	-0.14998
2708	-0.14998
2709	-0.14998
2710	-0.14998
2711	-0.14998
2712	-0.18748
2713	-0.18748
2714	-0.18748
2715	-0.18748
2716	-0.18748
2717	-0.18748
2718	-0.18748
2719	-0.18748
2720	-0.18748
2721	-0.18748
2722	-0.18748
2723	-0.18748
2724	-0.18748
2725	-0.18748
2726	-0.18748
2727	-0.22497
2728	-0.22497
2729	-0.22497
2730	-0.22497
2731	-0.22497
2732	-0.22497
2733	-0.22497
2734	-0.22497
2735	-0.22497
2736	-0.22497
2737	-0.22497
2738	-0.22497
2739	-0.22497
2740	-0.22497
2741	-0.22497
2742	-0.22497
2743	-0.22497
2744	-0.22497
2745	-0.22497
2746	-0.22497
2747	-0.22497
2748	-0.22497
2749	-0.22497
2750	-0.22497
2751	-0.22497
2752	-0.22497
2753	-0.22497
2754	-0.22497
2755	-0.22497
2756	-0.22497
2757	-0.22497
2758	-0.22497
2759	-0.22497
2760	-0.22497
2761	-0.26247
2762	-0.26247
2763	-0.26247
2764	-0.26247
2765	-0.26247
2766	-0.26247
2767	-0.26247
2768	-0.26247
2769	-0.26247
2770	-0.26247
2771	-0.26247
2772	-0.26247
2773	-0.26247
2774	-0.26247
2775	-0.26247
2776	-0.26247
2777	-0.26247
2778	-0.26247
2779	-0.26247
2780	-0.26247
2781	-0.26247
2782	-0.26247
2783	-0.26247
2784	-0.26247
2785	-0.26247
2786	-0.26247
2787	-0.26247
2788	-0.26247
2789	-0.26247
2790	-0.26247
2791	-0.22497
2792	-0.22497
2793	-0.22497
2794	-0.22497
2795	-0.22497
2796	-0.22497
2797	-0.22497
2798	-0.22497
2799	-0.22497
2800	-0.22497
2801	-0.22497
2802	-0.22497
2803	-0.22497
2804	-0.22497
2805	-0.22497
2806	-0.22497
2807	-0.22497
2808	-0.22497
2809	-0.22497
2810	-0.22497
2811	-0.22497
2812	-0.22497
2813	-0.22497
2814	-0.22497
2815	-0.22497
2816	-0.22497
2817	-0.22497
2818	-0.22497
2819	-0.22497
2820	-0.22497
2821	-0.22497
2822	-0.22497
2823	-0.22497
2824	-0.22497
2825	-0.22497
2826	-0.22497
2827	-0.22497
2828	-0.22497
2829	-0.22497
2830	-0.22497
2831	-0.22497
2832	-0.22497
2833	-0.22497
2834	-0.22497
2835	-0.22497
2836	-0.22497
2837	-0.22497
2838	-0.22497
2839	-0.22497
2840	-0.22497
2841	-0.22497
2842	-0.22497
2843	-0.22497
2844	-0.22497
2845	-0.22497
2846	-0.22497
2847	-0.22497
2848	-0.22497
2849	-0.22497
2850	-0.22497
2851	-0.22497
2852	-0.22497
2853	-0.22497
2854	-0.22497
2855	-0.22497
2856	-0.22497
2857	-0.22497
2858	-0.22497
2859	-0.22497
2860	-0.22497
2861	-0.22497
2862	-0.22497
2863	-0.22497
2864	-0.22497
2865	-0.22497
2866	-0.22497
2867	-0.22497
2868	-0.22497
2869	-0.22497
2870	-0.22497
2871	-0.22497
2872	-0.22497
2873	-0.22497
2874	-0.22497
2875	-0.22497
2876	-0.22497
2877	-0.22497
2878	-0.22497
2879	-0.22497
2880	-0.22497
2881	-0.22497
2882	-0.22497
2883	-0.22497
2884	-0.22497
2885	-0.22497
2886	-0.22497
2887	-0.22497
2888	-0.22497
2889	-0.22497
2890	-0.22497
2891	-0.22497
2892	-0.22497
2893	-0.22497
2894	-0.22497
2895	-0.22497
2896	-0.22497
2897	-0.22497
2898	-0.22497
2899	-0.22497
2900	-0.22497
2901	-0.22497
2902	-0.22497
2903	-0.22497
2904	-0.18748
2905	-0.18748
2906	-0.18748
2907	-0.18748
2908	-0.18748
2909	-0.18748
2910	-0.18748
2911	-0.18748
2912	-0.18748
2913	-0.18748
2914	-0.18748
2915	-0.18748
2916	-0.18748
2917	-0.18748
2918	-0.18748
2919	-0.18748
2920	-0.18748
2921	-0.18748
2922	-0.18748
2923	-0.18748
2924	-0.18748
2925	-0.18748
2926	-0.18748
2927	-0.18748
2928	-0.18748
2929	-0.18748
2930	-0.18748
2931	-0.18748
2932	-0.18748
2933	-0.18748
2934	-0.18748
2935	-0.14998
2936	-0.14998
2937	-0.14998
2938	-0.14998
2939	-0.14998
2940	-0.14998
2941	-0.14998
2942	-0.14998
2943	-0.14998
2944	-0.14998
2945	-0.14998
2946	-0.14998
2947	-0.14998
2948	-0.14998
2949	-0.14998
2950	-0.14998
2951	-0.14998
2952	-0.14998
2953	-0.14998
2954	-0.14998
2955	-0.14998
2956	-0.14998
2957	-0.14998
2958	-0.14998
2959	-0.14998
2960	-0.14998
2961	-0.14998
2962	-0.14998
2963	-0.14998
2964	-0.14998
2965	-0.11249
2966	-0.11249
2967	-0.11249
2968	-0.11249
2969	-0.11249
2970	-0.11249
2971	-0.11249
2972	-0.11249
2973	-0.11249
2974	-0.11249
2975	-0.11249
2976	-0.11249
2977	-0.11249
2978	-0.11249
2979	-0.11249
2980	-0.11249
2981	-0.11249
2982	-0.11249
2983	-0.11249
2984	-0.11249
2985	-0.11249
2986	-0.11249
2987	-0.11249
2988	-0.11249
2989	-0.11249
2990	-0.11249
2991	-0.11249
2992	-0.11249
2993	-0.11249
2994	-0.11249
2995	-0.07499
2996	-0.07499
2997	-0.07499
2998	-0.07499
2999	-0.07499
3000	-0.07499
3001	-0.07499
3002	-0.07499
3003	-0.07499
3004	-0.07499
3005	-0.07499
3006	-0.07499
3007	-0.07499
3008	-0.07499
3009	-0.07499
3010	-0.07499
3011	-0.07499
3012	-0.07499
3013	-0.07499
3014	-0.07499
3015	-0.07499
3016	-0.07499
3017	-0.07499
3018	-0.07499
3019	-0.07499
3020	-0.07499
3021	-0.07499
3022	-0.07499
3023	-0.07499
3024	-0.07499
3025	-0.07499
3026	-0.07499
3027	-0.07499
3028	-0.07499
3029	-0.07499
3030	-0.07499
3031	-0.07499
3032	-0.07499
3033	-0.07499
3034	-0.07499
3035	-0.07499
3036	-0.07499
3037	-0.07499
3038	-0.07499
3039	-0.07499
3040	-0.07499
3041	-0.07499
3042	-0.0375
3043	-0.0375
3044	-0.0375
3045	-0.0375
3046	-0.0375
3047	-0.0375
3048	-0.0375
3049	-0.0375
3050	-0.0375
3051	-0.0375
3052	-0.0375
3053	-0.0375
3054	-0.0375
3055	-0.0375
3056	-0.0375
3057	-0.0375
3058	-0.0375
3059	-0.0375
3060	-0.0375
3061	-0.0375
3062	-0.0375
3063	-0.0375
3064	-0.0375
3065	-0.0375
3066	-0.0375
3067	-0.0375
3068	-0.0375
3069	-0.0375
3070	-0.0375
3071	-0.0375
3072	-0.0375
3073	-0.0375
3074	-0.0375
3075	-0.0375
3076	-0.0375
3077	-0.0375
3078	-0.0375
3079	-0.0375
3080	-0.0375
3081	-0.0375
3082	-0.0375
3083	-0.0375
3084	-0.0375
3085	-0.0375
3086	-0.0375
3087	-0.0375
3088	-0.0375
3089	-0.0375
3090	-0.0375
3091	-0.0375
3092	-0.0375
3093	-0.0375
3094	0
3095	0
3096	0
3097	0
3098	0
3099	0
3100	0
3101	0
3102	0
3103	0
3104	0
3105	0
3106	0
3107	0
3108	0
3109	0
3110	0
3111	0
3112	0
3113	0
3114	0
3115	0
3116	0
3117	0
3118	0
3119	0
3120	0
3121	0
3122	0
3123	0
3124	0
3125	0
3126	0
3127	0
3128	0
3129	0
3130	0
3131	0
3132	0
3133	0.03749
3134	0.03749
3135	0.03749
3136	0.03749
3137	0.03749
3138	0.03749
3139	0.03749
3140	0.03749
3141	0.03749
3142	0.03749
3143	0.03749
3144	0.03749
3145	0.03749
3146	0.03749
3147	0.03749
3148	0.03749
3149	0.03749
3150	0.03749
3151	0.03749
3152	0.03749
3153	0.03749
3154	0.03749
3155	0.03749
3156	0.03749
3157	0.03749
3158	0.03749
3159	0.03749
3160	0.03749
3161	0.03749
3162	0.03749
3163	0.03749
3164	0.03749
3165	0.03749
3166	0.03749
3167	0.03749
3168	0.03749
3169	0.03749
3170	0.03749
3171	0.03749
3172	0.03749
3173	0.03749
3174	0.03749
3175	0.03749
3176	0.03749
3177	0.03749
3178	0.03749
3179	0.03749
3180	0.07499
3181	0.07499
3182	0.07499
3183	0.07499
3184	0.07499
3185	0.07499
3186	0.07499
3187	0.07499
3188	0.07499
3189	0.07499
3190	0.07499
3191	0.07499
3192	0.07499
3193	0.07499
3194	0.07499
3195	0.07499
3196	0.07499
3197	0.07499
3198	0.07499
3199	0.07499
3200	0.07499
3201	0.07499
3202	0.07499
3203	0.07499
3204	0.07499
3205	0.07499
3206	0.07499
3207	0.07499
3208	0.07499
3209	0.07499
3210	0.07499
3211	0.07499
3212	0.07499
3213	0.07499
3214	0.07499
3215	0.07499
3216	0.11249
3217	0.11249
3218	0.11249
3219	0.11249
3220	0.11249
3221	0.11249
3222	0.11249
3223	0.11249
3224	0.11249
3225	0.11249
3226	0.11249
3227	0.11249
3228	0.11249
3229	0.11249
3230	0.11249
3231	0.11249
3232	0.11249
3233	0.11249
3234	0.11249
3235	0.11249
3236	0.11249
3237	0.11249
3238	0.11249
3239	0.11249
3240	0.11249
3241	0.11249
3242	0.11249
3243	0.11249
3244	0.11249
3245	0.11249
3246	0.11249
3247	-24.48444
